xof 0303txt 0032
template ColorRGBA {
 <35ff44e0-6c7c-11cf-8f52-0040333594a3>
 FLOAT red;
 FLOAT green;
 FLOAT blue;
 FLOAT alpha;
}

template ColorRGB {
 <d3e16e81-7835-11cf-8f52-0040333594a3>
 FLOAT red;
 FLOAT green;
 FLOAT blue;
}

template Material {
 <3d82ab4d-62da-11cf-ab39-0020af71e433>
 ColorRGBA faceColor;
 FLOAT power;
 ColorRGB specularColor;
 ColorRGB emissiveColor;
 [...]
}

template TextureFilename {
 <a42790e1-7810-11cf-8f52-0040333594a3>
 STRING filename;
}

template Frame {
 <3d82ab46-62da-11cf-ab39-0020af71e433>
 [...]
}

template Matrix4x4 {
 <f6f23f45-7686-11cf-8f52-0040333594a3>
 array FLOAT matrix[16];
}

template FrameTransformMatrix {
 <f6f23f41-7686-11cf-8f52-0040333594a3>
 Matrix4x4 frameMatrix;
}

template Vector {
 <3d82ab5e-62da-11cf-ab39-0020af71e433>
 FLOAT x;
 FLOAT y;
 FLOAT z;
}

template MeshFace {
 <3d82ab5f-62da-11cf-ab39-0020af71e433>
 DWORD nFaceVertexIndices;
 array DWORD faceVertexIndices[nFaceVertexIndices];
}

template Mesh {
 <3d82ab44-62da-11cf-ab39-0020af71e433>
 DWORD nVertices;
 array Vector vertices[nVertices];
 DWORD nFaces;
 array MeshFace faces[nFaces];
 [...]
}

template MeshMaterialList {
 <f6f23f42-7686-11cf-8f52-0040333594a3>
 DWORD nMaterials;
 DWORD nFaceIndexes;
 array DWORD faceIndexes[nFaceIndexes];
 [Material <3d82ab4d-62da-11cf-ab39-0020af71e433>]
}

template VertexElement {
 <f752461c-1e23-48f6-b9f8-8350850f336f>
 DWORD Type;
 DWORD Method;
 DWORD Usage;
 DWORD UsageIndex;
}

template DeclData {
 <bf22e553-292c-4781-9fea-62bd554bdd93>
 DWORD nElements;
 array VertexElement Elements[nElements];
 DWORD nDWords;
 array DWORD data[nDWords];
}

template XSkinMeshHeader {
 <3cf169ce-ff7c-44ab-93c0-f78f62d172e2>
 WORD nMaxSkinWeightsPerVertex;
 WORD nMaxSkinWeightsPerFace;
 WORD nBones;
}

template SkinWeights {
 <6f0d123b-bad2-4167-a0d0-80224f25fabb>
 STRING transformNodeName;
 DWORD nWeights;
 array DWORD vertexIndices[nWeights];
 array FLOAT weights[nWeights];
 Matrix4x4 matrixOffset;
}

template AnimTicksPerSecond {
 <9e415a43-7ba6-4a73-8743-b73d47e88476>
 DWORD AnimTicksPerSecond;
}

template Animation {
 <3d82ab4f-62da-11cf-ab39-0020af71e433>
 [...]
}

template AnimationSet {
 <3d82ab50-62da-11cf-ab39-0020af71e433>
 [Animation <3d82ab4f-62da-11cf-ab39-0020af71e433>]
}

template FloatKeys {
 <10dd46a9-775b-11cf-8f52-0040333594a3>
 DWORD nValues;
 array FLOAT values[nValues];
}

template TimedFloatKeys {
 <f406b180-7b3b-11cf-8f52-0040333594a3>
 DWORD time;
 FloatKeys tfkeys;
}

template AnimationKey {
 <10dd46a8-775b-11cf-8f52-0040333594a3>
 DWORD keyType;
 DWORD nKeys;
 array TimedFloatKeys keys[nKeys];
}


Material materials_models_dog_dog_sheet {
 1.000000;1.000000;1.000000;1.000000;;
 46.438560;
 0.020000;0.020000;0.020000;;
 0.000000;0.000000;0.000000;;

 TextureFilename {
  "dog_sheet.png";
 }
}

Frame models_dog {
 

 FrameTransformMatrix {
  100.000000,0.000000,0.000000,0.000000,0.000000,-0.000016,100.000000,0.000000,0.000000,-100.000000,-0.000016,0.000000,0.000000,0.000000,0.000000,1.000000;;
 }

 Frame Dog_Model_Pelvis {
  

  FrameTransformMatrix {
   0.000000,-0.000000,-1.000000,0.000000,-0.000049,-1.000000,0.000000,0.000000,-1.000000,0.000049,-0.000000,0.000000,-1.063495,15.030128,-51.430080,1.000000;;
  }

  Frame Dog_Model_Leg1_L {
   

   FrameTransformMatrix {
    -0.778181,0.552555,-0.298527,0.000000,-0.623258,-0.737984,0.258706,0.000000,-0.077359,0.387380,0.918669,0.000000,-1.343456,-2.595264,-12.119274,1.000000;;
   }

   Frame Dog_Model_Leg2_L {
    

    FrameTransformMatrix {
     -0.189092,0.981959,-0.000000,0.000000,-0.981959,-0.189092,0.000000,0.000000,0.000000,0.000000,1.000000,0.000000,27.992010,0.000002,0.000004,1.000000;;
    }

    Frame Dog_Model_Foot_L {
     

     FrameTransformMatrix {
      0.143375,-0.988760,0.042385,0.000000,0.984089,0.146977,0.099830,0.000000,-0.104938,0.027398,0.994101,0.000000,30.775008,0.000002,-0.000006,1.000000;;
     }

     Frame Dog_Model_Toe_L {
      

      FrameTransformMatrix {
       0.596651,-0.793423,0.120359,0.000000,0.791053,0.606730,0.078188,0.000000,-0.135062,0.048560,0.989647,0.000000,9.442003,-0.000002,0.000000,1.000000;;
      }

      Frame Dog_Model_phalanges_L {
       

       FrameTransformMatrix {
        0.956556,-0.291548,0.000000,0.000000,0.291548,0.956556,-0.000000,0.000000,0.000000,-0.000000,1.000000,0.000000,15.430998,0.000001,-0.000000,1.000000;;
       }
      }
     }
    }
   }
  }

  Frame Dog_Model_Leg1_R {
   

   FrameTransformMatrix {
    -0.811035,0.564017,0.155263,0.000000,-0.583726,-0.797741,-0.151242,0.000000,0.038557,-0.213294,0.976227,0.000000,-2.795307,-1.279204,14.715299,1.000000;;
   }

   Frame Dog_Model_Leg2_R {
    

    FrameTransformMatrix {
     -0.009596,0.999954,-0.000000,0.000000,-0.999954,-0.009596,0.000000,0.000000,0.000000,0.000000,1.000000,0.000000,26.718992,0.000000,0.000000,1.000000;;
    }

    Frame Dog_Model_Foot_R {
     

     FrameTransformMatrix {
      -0.392622,-0.918924,-0.037784,0.000000,0.919301,-0.390910,-0.045548,0.000000,0.027085,-0.052618,0.998247,0.000000,31.764986,0.000004,-0.000006,1.000000;;
     }

     Frame Dog_Model_Toe_R {
      

      FrameTransformMatrix {
       0.859512,-0.511072,0.006721,0.000000,0.507050,0.854255,0.114673,0.000000,-0.064347,-0.095155,0.993381,0.000000,9.720993,0.000001,0.000004,1.000000;;
      }
     }
    }
   }
  }

  Frame Dog_Model_Spine1 {
   

   FrameTransformMatrix {
    0.921342,0.388754,-0.000000,0.000000,-0.388754,0.921342,0.000000,0.000000,0.000000,0.000000,1.000000,0.000000,9.171505,1.135199,-1.064859,1.000000;;
   }

   Frame Dog_Model_Spine2 {
    

    FrameTransformMatrix {
     0.989817,0.142347,-0.000000,0.000000,-0.142347,0.989817,0.000000,0.000000,0.000000,0.000000,1.000000,0.000000,10.049874,-0.000004,-0.000000,1.000000;;
    }

    Frame Dog_Model_Spine3 {
     

     FrameTransformMatrix {
      0.807787,0.589474,-0.000000,0.000000,-0.589474,0.807787,0.000000,0.000000,0.000000,0.000000,1.000000,0.000000,8.230850,-0.000004,0.000000,1.000000;;
     }

     Frame Dog_Model_Neck1 {
      

      FrameTransformMatrix {
       -0.413941,0.910304,-0.000000,0.000000,-0.910304,-0.413941,0.000000,0.000000,0.000000,0.000000,1.000000,0.000000,26.171998,0.000000,0.000000,1.000000;;
      }

      Frame Dog_Model_Neck1_Length {
       

       FrameTransformMatrix {
        1.000000,0.000000,0.000000,0.000000,0.000000,1.000000,-0.000000,0.000000,0.000000,0.000000,1.000000,0.000000,10.381836,0.000000,0.000000,1.000000;;
       }

       Frame Dog_Model_Neck2 {
        

        FrameTransformMatrix {
         0.578761,-0.815497,0.000000,0.000000,0.815497,0.578761,0.000000,0.000000,-0.000000,0.000000,1.000000,0.000000,4.482506,0.000000,0.000000,1.000000;;
        }

        Frame Dog_Model_Neck2_Length {
         

         FrameTransformMatrix {
          1.000000,0.000000,-0.000000,0.000000,-0.000000,1.000000,0.000000,0.000000,0.000000,-0.000000,1.000000,0.000000,5.598862,0.000008,-0.000000,1.000000;;
         }

         Frame Dog_Model_Eye {
          

          FrameTransformMatrix {
           0.999994,-0.003422,0.000000,0.000000,0.003422,0.999994,0.000000,0.000000,-0.000000,-0.000000,1.000000,0.000000,6.156931,0.000008,-0.000000,1.000000;;
          }

          Frame Dog_Model_Eye_Panel_R {
           

           FrameTransformMatrix {
            -0.783892,0.417880,0.459228,0.000000,0.574954,0.209325,0.790956,0.000000,0.234397,0.884059,-0.404350,0.000000,5.909073,0.032425,3.496455,1.000000;;
           }
          }

          Frame Dog_Model_Eye_Panel_Top {
           

           FrameTransformMatrix {
            -0.964607,-0.263693,0.000000,0.000000,0.263693,-0.964607,0.000000,0.000000,-0.000000,0.000000,1.000000,0.000000,4.533125,-5.156967,0.000000,1.000000;;
           }
          }

          Frame Dog_Model_Eye_Panel_L {
           

           FrameTransformMatrix {
            -0.779309,0.435166,-0.450897,0.000000,0.582840,0.239074,-0.776621,0.000000,-0.230161,-0.868029,-0.439945,0.000000,5.943941,0.163956,-3.433079,1.000000;;
           }
          }

          Frame Dog_Model_Focus_Ring {
           

           FrameTransformMatrix {
            0.264334,0.579777,-0.770704,0.000000,0.909893,-0.414842,-0.000000,0.000000,-0.319721,-0.701259,-0.637193,0.000000,6.610102,-2.403748,0.000000,1.000000;;
           }
          }
         }
        }
       }
      }
     }

     Frame Dog_Model_Clavical_L {
      

      FrameTransformMatrix {
       0.118702,-0.289259,-0.949863,0.000000,0.368549,-0.875453,0.312656,0.000000,-0.921999,-0.387184,0.002688,0.000000,12.866194,-1.175622,-13.995379,1.000000;;
      }

      Frame Dog_Model_Arm1_L {
       

       FrameTransformMatrix {
        -0.089318,-0.978944,-0.183553,0.000000,-0.128411,-0.171434,0.976791,0.000000,-0.987691,0.110816,-0.110395,0.000000,11.773998,-0.000008,0.000004,1.000000;;
       }

       Frame Dog_Model_Arm2_L {
        

        FrameTransformMatrix {
         0.947981,-0.318327,0.000000,0.000000,0.318327,0.947981,0.000000,0.000000,-0.000000,-0.000000,1.000000,0.000000,40.445523,0.000002,-0.000004,1.000000;;
        }

        Frame Dog_Model_Hand_L {
         

         FrameTransformMatrix {
          0.932028,0.163134,0.323591,0.000000,-0.156323,0.986581,-0.047121,0.000000,-0.326936,-0.006667,0.945023,0.000000,24.218994,0.000004,-0.000004,1.000000;;
         }

         Frame Dog_Model_Thumb1_L {
          

          FrameTransformMatrix {
           0.848595,0.528984,0.007916,0.000000,-0.448767,0.711826,0.540289,0.000000,0.280169,-0.462039,0.841442,0.000000,8.022202,4.620212,1.480697,1.000000;;
          }

          Frame Dog_Model_Thumb2_L {
           

           FrameTransformMatrix {
            0.678801,-0.734322,0.000000,0.000000,0.734322,0.678801,0.000000,0.000000,-0.000000,0.000000,1.000000,0.000000,12.900999,0.000008,-0.000000,1.000000;;
           }
          }
         }

         Frame Dog_Model_Pinky1_L {
          

          FrameTransformMatrix {
           0.959254,0.109696,-0.260380,0.000000,-0.101701,0.993840,0.044025,0.000000,0.263606,-0.015751,0.964502,0.000000,13.819373,-3.602768,-5.705757,1.000000;;
          }

          Frame Dog_Model_Pinky2_L {
           

           FrameTransformMatrix {
            -0.043586,0.999050,-0.000000,0.000000,-0.999050,-0.043586,0.000000,0.000000,0.000000,0.000000,1.000000,0.000000,11.387000,0.000008,-0.000004,1.000000;;
           }

           Frame Dog_Model_Pinky3_L {
            

            FrameTransformMatrix {
             0.471397,0.881921,-0.000000,0.000000,-0.881921,0.471397,0.000000,0.000000,0.000000,0.000000,1.000000,0.000000,6.643993,-0.000002,0.000000,1.000000;;
            }
           }
          }
         }

         Frame Dog_Model_Index1_L {
          

          FrameTransformMatrix {
           0.966930,0.034912,0.252641,0.000000,-0.055652,0.995598,0.075418,0.000000,-0.248896,-0.086984,0.964616,0.000000,13.730747,-4.479450,5.820583,1.000000;;
          }

          Frame Dog_Model_Index2_L {
           

           FrameTransformMatrix {
            -0.043586,0.999050,-0.000000,0.000000,-0.999050,-0.043586,0.000000,0.000000,0.000000,0.000000,1.000000,0.000000,12.000006,0.000008,0.000004,1.000000;;
           }

           Frame Dog_Model_Index3_L {
            

            FrameTransformMatrix {
             0.693087,0.720854,0.000000,0.000000,-0.720854,0.693087,0.000000,0.000000,0.000000,-0.000000,1.000000,0.000000,6.791006,0.000003,-0.000004,1.000000;;
            }
           }
          }
         }
        }
       }

       Frame Dog_Model_Pully_Arm_L {
        

        FrameTransformMatrix {
         -0.809947,-0.586272,0.016430,0.000000,0.573951,-0.798068,-0.183486,0.000000,0.120685,-0.139184,0.982885,0.000000,-0.000015,2.000004,-4.000008,1.000000;;
        }
       }
      }
     }

     Frame Dog_Model_Clavical_R {
      

      FrameTransformMatrix {
       0.036492,0.068277,0.996999,0.000000,0.387368,-0.920629,0.048868,0.000000,0.921203,0.384422,-0.060044,0.000000,14.428763,-2.081130,14.720976,1.000000;;
      }

      Frame Dog_Model_Arm1_R {
       

       FrameTransformMatrix {
        0.160278,-0.958338,0.236428,0.000000,-0.061356,-0.248734,-0.966627,0.000000,0.985163,0.140423,-0.098666,0.000000,11.120004,-0.000015,0.000003,1.000000;;
       }

       Frame Dog_Model_Arm2_R {
        

        FrameTransformMatrix {
         0.953780,-0.300508,0.000000,0.000000,0.300508,0.953780,-0.000000,0.000000,-0.000000,0.000000,1.000000,0.000000,38.766003,-0.000004,-0.000008,1.000000;;
        }

        Frame Dog_Model_Hand_R {
         

         FrameTransformMatrix {
          0.939535,0.328010,-0.098410,0.000000,-0.327930,0.944541,0.017452,0.000000,0.098677,0.015875,0.994993,0.000000,33.022006,0.000000,0.000004,1.000000;;
         }

         Frame Dog_Model_Hand_R_Drill {
          

          FrameTransformMatrix {
           0.262502,0.961704,-0.078858,0.000000,-0.959025,0.250995,-0.131424,0.000000,-0.106598,0.110126,0.988185,0.000000,1.811247,0.103432,-0.039623,1.000000;;
          }

          Frame Dog_Model_Thumb1_R {
           

           FrameTransformMatrix {
            0.529692,-0.815532,-0.233097,0.000000,0.788856,0.574649,-0.217909,0.000000,0.311661,-0.068455,0.947724,0.000000,4.250015,-1.655282,-2.732021,1.000000;;
           }

           Frame Dog_Model_Thumb2_R {
            

            FrameTransformMatrix {
             0.783422,-0.621490,0.000000,0.000000,0.621490,0.783422,-0.000000,0.000000,-0.000000,0.000000,1.000000,0.000000,5.847000,-0.000004,0.000001,1.000000;;
            }

            Frame Dog_Model_Thumb3_R {
             

             FrameTransformMatrix {
              0.950033,-0.312150,0.000000,0.000000,0.312150,0.950033,-0.000000,0.000000,-0.000000,0.000000,1.000000,0.000000,5.464997,0.000008,0.000003,1.000000;;
             }
            }
           }
          }

          Frame Dog_Model_Pinky1_R {
           

           FrameTransformMatrix {
            0.469543,-0.882142,0.036806,0.000000,0.846407,0.437876,-0.303085,0.000000,0.251248,0.173464,0.952252,0.000000,-3.227192,-6.935688,1.008164,1.000000;;
           }

           Frame Dog_Model_Pinky2_R {
            

            FrameTransformMatrix {
             0.751018,0.660282,0.000000,0.000000,-0.660282,0.751018,0.000000,0.000000,0.000000,0.000000,1.000000,0.000000,6.266996,-0.000000,-0.000004,1.000000;;
            }

            Frame Dog_Model_Pinky3_R {
             

             FrameTransformMatrix {
              0.883702,0.468049,-0.000000,0.000000,-0.468049,0.883702,-0.000000,0.000000,0.000000,0.000000,1.000000,0.000000,5.039997,0.000000,0.000004,1.000000;;
             }
            }
           }
          }

          Frame Dog_Model_Index1_R {
           

           FrameTransformMatrix {
            0.443280,-0.878077,-0.180231,0.000000,0.815975,0.312045,0.486634,0.000000,-0.371062,-0.362779,0.854813,0.000000,-4.092819,-6.444202,-4.454643,1.000000;;
           }

           Frame Dog_Model_Index2_R {
            

            FrameTransformMatrix {
             0.644801,0.764350,-0.000000,0.000000,-0.764350,0.644801,-0.000000,0.000000,0.000000,0.000000,1.000000,0.000000,6.754641,0.000006,-0.000000,1.000000;;
            }

            Frame Dog_Model_Index3_R {
             

             FrameTransformMatrix {
              0.819740,0.572736,0.000000,0.000000,-0.572736,0.819740,0.000000,0.000000,0.000000,-0.000000,1.000000,0.000000,4.725998,-0.000004,0.000004,1.000000;;
             }
            }
           }
          }
         }
        }
       }

       Frame Dog_Model_Arm_Tricep1_R {
        

        FrameTransformMatrix {
         0.997053,0.000000,-0.076719,0.000000,0.000000,1.000000,-0.000000,0.000000,0.076719,-0.000000,0.997053,0.000000,4.079140,2.699999,1.159996,1.000000;;
        }
       }

       Frame Dog_Model_Arm_Tricep2_R {
        

        FrameTransformMatrix {
         0.996917,0.000000,-0.078459,0.000000,0.000000,1.000000,-0.000000,0.000000,0.078459,-0.000000,0.996917,0.000000,11.528511,1.400003,-1.200005,1.000000;;
        }
       }

       Frame Dog_Model_Arm_Bicep2_R {
        

        FrameTransformMatrix {
         0.997053,0.000000,-0.076719,0.000000,0.000000,1.000000,-0.000000,0.000000,0.076719,-0.000000,0.997053,0.000000,11.629799,-0.500000,2.331993,1.000000;;
        }
       }

       Frame Dog_Model_Arm_Bicep1_R {
        

        FrameTransformMatrix {
         0.996779,0.000000,-0.080199,0.000000,0.000000,1.000000,-0.000000,0.000000,0.080199,-0.000000,0.996779,0.000000,10.079155,-1.462994,-0.800003,1.000000;;
        }
       }

       Frame Dog_Model_Arm_Elbow1_R {
        

        FrameTransformMatrix {
         0.962657,-0.255513,-0.089468,0.000000,0.253846,0.966788,-0.029739,0.000000,0.094095,0.005917,0.995546,0.000000,32.012806,1.200006,-6.200006,1.000000;;
        }
       }

       Frame Dog_Model_Arm_Elbow1_R1 {
        

        FrameTransformMatrix {
         0.997564,0.000000,0.069756,0.000000,-0.000000,1.000000,-0.000000,0.000000,-0.069756,-0.000000,0.997564,0.000000,31.512803,-0.199997,-1.000008,1.000000;;
        }
       }
      }

      Frame Dog_Model_Shoulder_Plate_R {
       

       FrameTransformMatrix {
        0.997832,0.065816,0.000000,0.000000,-0.065816,0.997832,0.000000,0.000000,-0.000000,-0.000000,1.000000,0.000000,11.120004,-0.000008,0.000000,1.000000;;
       }
      }
     }
    }
   }
  }
 }
}

Frame models_dog_reference {
 

 FrameTransformMatrix {
  100.000000,0.000000,0.000000,0.000000,0.000000,-0.000016,100.000000,0.000000,0.000000,-100.000000,-0.000016,0.000000,0.000000,0.000000,0.000000,1.000000;;
 }

 Mesh models_dog_reference {
  5285;
  8.996471;8.443255;-77.071328;,
  9.268696;11.782983;-84.490714;,
  9.190624;9.863438;-80.317139;,
  -7.765702;-20.566974;-90.449037;,
  -2.825596;-28.586237;-89.740845;,
  -3.478581;-33.172643;-78.732512;,
  -7.886910;-22.211267;-81.506765;,
  -7.430695;-24.857320;-77.156621;,
  -8.527070;8.446520;-77.071328;,
  -7.329491;8.453798;-77.022598;,
  -8.721276;9.865071;-80.317139;,
  -5.476059;4.901355;-70.037229;,
  -4.723504;4.918542;-69.999213;,
  -8.527070;8.446520;-77.071328;,
  -8.799347;11.784617;-84.490714;,
  -10.986740;11.788225;-84.528685;,
  -8.527070;8.446520;-77.071328;,
  -8.721276;9.865071;-80.317139;,
  -8.799347;11.784617;-84.490714;,
  -7.997750;-18.882152;-74.917478;,
  -10.365607;-20.230403;-82.013254;,
  -7.593583;-21.579403;-78.226483;,
  -12.225029;-17.430352;-74.159347;,
  -9.198914;-17.347496;-73.119552;,
  -10.780330;-15.280734;-70.667328;,
  -11.129523;-13.392934;-69.513933;,
  -10.877170;-11.036460;-68.650899;,
  -14.173427;-9.784718;-71.188634;,
  -9.193039;-6.950963;-67.589318;,
  -9.684234;-2.669608;-69.444806;,
  -7.142872;-2.930760;-67.264077;,
  -5.476059;4.901355;-70.037229;,
  -16.461987;-15.198950;-75.813440;,
  -14.543930;-17.589392;-82.518400;,
  -11.151877;-15.690173;-89.201485;,
  -13.800880;7.357345;-91.320448;,
  -13.728130;-0.356586;-93.355206;,
  -15.306110;1.800090;-90.265562;,
  -16.027790;1.752746;-85.652371;,
  -13.263134;9.761395;-84.635040;,
  -15.749424;0.173040;-80.589293;,
  -8.527070;8.446520;-77.071328;,
  -15.107746;-2.387303;-76.401382;,
  -15.399811;-5.772718;-74.341632;,
  -16.867523;-9.734894;-75.124179;,
  -17.535950;-13.340590;-78.570816;,
  -15.745190;-15.093325;-83.627462;,
  -12.840267;-13.872802;-88.773606;,
  -11.310197;-8.883539;-90.352275;,
  -10.986740;11.788225;-84.528685;,
  -9.556084;8.961126;-92.289779;,
  -11.456749;1.955973;-95.963725;,
  -7.139729;2.292623;-97.229011;,
  -7.886910;-22.211267;-81.506765;,
  -7.430695;-24.857320;-77.156621;,
  -7.593583;-21.579403;-78.226483;,
  -10.365607;-20.230403;-82.013254;,
  -6.181469;-18.738245;-90.199328;,
  -11.151877;-15.690173;-89.201485;,
  -7.598111;-11.718671;-94.906477;,
  -6.327168;-13.074831;-95.634259;,
  -7.298402;-5.240670;-98.403059;,
  -8.396798;-5.030562;-97.270227;,
  -11.983902;-4.669831;-94.224256;,
  -11.328217;-9.855311;-92.607968;,
  -2.825596;-28.586237;-89.740845;,
  3.203731;-28.568678;-89.704211;,
  3.764606;-33.151462;-78.688960;,
  -3.478581;-33.172643;-78.732512;,
  -1.623120;-16.867706;-103.007046;,
  2.116459;-16.857178;-102.983827;,
  2.653087;-21.744373;-95.260774;,
  -2.201527;-21.758374;-95.290618;,
  -36.441434;-42.748925;-0.960510;,
  -39.054986;-41.544429;-1.395396;,
  -40.320938;-43.692323;-0.434462;,
  -37.520026;-44.983162;0.031613;,
  -40.726413;-44.128285;-3.857708;,
  -39.957997;-43.227136;-7.271912;,
  -35.561722;-45.253219;-6.540377;,
  -34.795709;-45.805898;-8.408402;,
  -40.336874;-43.252163;-9.330449;,
  -32.928925;-43.316272;-12.731758;,
  -38.470093;-40.762547;-13.653806;,
  -37.181187;-37.944634;-8.722494;,
  -34.149024;-41.235066;-5.619308;,
  -32.315162;-41.078448;-8.295242;,
  -34.684147;-41.858563;-5.536988;,
  -36.676906;-45.994560;-3.183872;,
  -35.799334;-42.599894;-2.180472;,
  -36.200336;-42.921690;-1.908469;,
  -37.109222;-45.267747;-1.566776;,
  -38.470093;-40.762547;-13.653806;,
  -40.336874;-43.252163;-9.330449;,
  -38.084256;-39.421456;-6.274125;,
  -38.241866;-40.218938;-6.128988;,
  -39.010285;-41.120083;-2.714776;,
  -39.076733;-41.596051;-2.387102;,
  -39.054986;-41.544429;-1.395396;,
  -36.441434;-42.748925;-0.960510;,
  -37.520026;-44.983162;0.031613;,
  -40.320938;-43.692323;-0.434462;,
  -40.355251;-43.771766;-2.106909;,
  -40.355251;-43.771766;-2.106909;,
  -40.320938;-43.692323;-0.434462;,
  -40.726413;-44.128285;-3.857708;,
  -39.957997;-43.227136;-7.271912;,
  -26.376880;-43.664362;-1.533315;,
  -29.098077;-44.594608;-1.085718;,
  -28.250621;-46.948560;-0.147496;,
  -25.334355;-45.951622;-0.627182;,
  -31.634765;-30.837043;-5.998005;,
  -26.876000;-31.649379;-2.893584;,
  -30.408048;-30.021581;-2.305840;,
  -29.442717;-26.287453;-3.409570;,
  -28.967171;-27.086947;-1.630771;,
  -29.966947;-29.667616;-2.006641;,
  -26.802912;-31.125808;-2.533142;,
  -25.396539;-28.732525;-2.224931;,
  -24.988261;-28.340355;-4.150810;,
  -29.442717;-26.287453;-3.409570;,
  -30.669430;-27.102909;-7.101730;,
  -25.833531;-29.331606;-7.906435;,
  -27.721277;-32.640634;-6.649222;,
  -28.967171;-27.086947;-1.630771;,
  -30.669430;-27.102909;-7.101730;,
  -9.556084;8.961126;-92.289779;,
  -7.824650;2.254034;-97.938042;,
  -7.139729;2.292623;-97.229011;,
  -7.298402;-5.240670;-98.403059;,
  -7.729759;-6.104872;-100.419584;,
  -6.327168;-13.074831;-95.634259;,
  -7.708184;-14.671626;-97.371610;,
  -6.181469;-18.738245;-90.199328;,
  -7.765702;-20.566974;-90.449037;,
  -7.886910;-22.211267;-81.506765;,
  -32.223395;-31.522896;-6.088560;,
  -27.894646;-33.517866;-6.808875;,
  -27.721277;-32.640634;-6.649222;,
  -31.634765;-30.837043;-5.998005;,
  -30.669430;-27.102909;-7.101730;,
  -31.512051;-26.494978;-9.156559;,
  -33.153542;-32.763360;-8.242702;,
  -28.613968;-34.477168;-8.474768;,
  -25.833531;-29.331606;-7.906435;,
  -25.416771;-29.304077;-10.170827;,
  -31.512051;-26.494978;-9.156559;,
  -30.669430;-27.102909;-7.101730;,
  -5.432820;1.801613;-98.788698;,
  -7.967419;9.689628;-92.780512;,
  0.234699;10.426132;-92.621280;,
  2.116459;-16.857178;-102.983827;,
  -1.623120;-16.867706;-103.007046;,
  0.355499;-1.919666;-101.925715;,
  0.234699;2.144450;-98.747526;,
  8.436825;9.686359;-92.780512;,
  5.902218;1.798348;-98.788698;,
  8.294048;2.250769;-97.938035;,
  8.199162;-6.108137;-100.419584;,
  11.456142;11.784960;-84.528678;,
  10.025486;8.957860;-92.289773;,
  8.177586;-14.674891;-97.371610;,
  2.653087;-21.744373;-95.260774;,
  8.235104;-20.570238;-90.449037;,
  3.203731;-28.568678;-89.704211;,
  -2.201527;-21.758374;-95.290618;,
  -2.825596;-28.586237;-89.740845;,
  -7.765702;-20.566974;-90.449037;,
  -7.708184;-14.671626;-97.371610;,
  -7.729759;-6.104872;-100.419584;,
  -7.824650;2.254034;-97.938042;,
  -9.556084;8.961126;-92.289779;,
  -10.986740;11.788225;-84.528685;,
  -8.303112;10.771726;-88.692794;,
  -8.799347;11.784617;-84.490714;,
  -6.733872;11.125531;-88.266906;,
  -4.311963;10.807775;-89.386042;,
  0.234676;10.550331;-90.407130;,
  4.781307;10.806142;-89.386042;,
  8.772510;10.768459;-88.692794;,
  9.268696;11.782983;-84.490714;,
  7.203220;11.123898;-88.266906;,
  -26.826832;-31.182598;-1.442269;,
  -25.434275;-28.819917;-0.385240;,
  -28.515277;-27.399997;0.127453;,
  -29.701741;-29.857651;-0.963878;,
  -30.802234;-43.437184;-5.622366;,
  -31.269360;-42.759286;-5.686635;,
  -31.140320;-47.319034;-8.564446;,
  -30.299472;-46.885786;-6.697096;,
  -25.370936;-45.346749;-9.513438;,
  -25.722131;-45.321008;-7.450003;,
  -27.012170;-42.592534;-13.767272;,
  -32.928925;-43.316272;-12.731758;,
  -32.315162;-41.078448;-8.295242;,
  -27.785891;-40.177219;-8.301613;,
  -27.172058;-41.358611;-6.360585;,
  -25.370936;-45.346749;-9.513438;,
  -27.012170;-42.592534;-13.767272;,
  -25.170966;-41.782330;-10.169104;,
  -25.722131;-45.321008;-7.450003;,
  -27.097987;-42.170877;-6.231664;,
  -29.734358;-44.355574;-2.294365;,
  -29.231597;-47.804173;-3.369082;,
  -25.015310;-46.362819;-4.062613;,
  -28.706954;-47.157837;-1.745167;,
  -25.327234;-46.002464;-2.301086;,
  -25.334355;-45.951622;-0.627182;,
  -28.250621;-46.948560;-0.147496;,
  -29.098077;-44.594608;-1.085718;,
  -29.366605;-44.722954;-2.033364;,
  -26.391166;-43.212691;-2.844273;,
  -25.015310;-46.362819;-4.062613;,
  -26.371742;-43.699155;-2.525975;,
  -26.376880;-43.664362;-1.533315;,
  -25.334355;-45.951622;-0.627182;,
  -25.327234;-46.002464;-2.301086;,
  -2.473782;-19.859517;-69.927930;,
  2.217510;-19.859514;-69.927930;,
  2.217510;-20.215542;-72.055469;,
  -2.473782;-20.215544;-72.055469;,
  2.217510;-22.236059;-72.810912;,
  -2.473782;-22.236061;-72.810906;,
  -2.473782;-23.900547;-71.438810;,
  2.217510;-23.900546;-71.438810;,
  -29.701741;-29.857651;-0.963878;,
  -28.515277;-27.399997;0.127453;,
  -28.967171;-27.086947;-1.630771;,
  -29.966947;-29.667616;-2.006641;,
  -26.826832;-31.182598;-1.442269;,
  -26.802912;-31.125808;-2.533142;,
  -25.434275;-28.819917;-0.385240;,
  -25.396539;-28.732525;-2.224931;,
  -28.515277;-27.399997;0.127453;,
  -28.967171;-27.086947;-1.630771;,
  -5.008774;-36.208778;-70.769478;,
  -3.490635;-39.302048;-64.238714;,
  -6.769314;-35.717162;-69.480973;,
  -1.852032;-39.681926;-65.227744;,
  -3.077122;-36.582739;-71.735558;,
  0.067241;-39.818646;-65.552122;,
  -1.634205;-35.294282;-75.912013;,
  0.196636;-35.338829;-76.326483;,
  0.067241;-39.818646;-65.552122;,
  -3.077122;-36.582739;-71.735558;,
  -6.769314;-35.717162;-69.480973;,
  -6.763039;-35.429046;-69.255194;,
  -5.008774;-36.208778;-70.769478;,
  -3.490635;-39.302048;-64.238714;,
  -3.529862;-39.019677;-64.029562;,
  0.017208;-39.324019;-65.233645;,
  -1.852032;-39.681926;-65.227744;,
  0.067241;-39.818646;-65.552122;,
  3.615505;-39.037440;-63.907808;,
  1.974972;-39.691402;-65.162458;,
  3.580745;-39.319568;-64.118080;,
  6.950412;-35.767600;-69.291398;,
  6.955776;-35.473667;-69.049894;,
  5.227360;-36.247536;-70.631098;,
  3.351162;-36.303798;-71.381958;,
  3.323200;-36.609098;-71.654765;,
  2.014675;-35.311738;-75.872518;,
  2.025242;-34.999520;-75.581414;,
  0.196636;-35.338829;-76.326483;,
  -1.651486;-34.981974;-75.621331;,
  -1.634205;-35.294282;-75.912013;,
  -3.111283;-36.277245;-71.463693;,
  -3.077122;-36.582739;-71.735558;,
  -33.153542;-32.763360;-8.242702;,
  -32.827350;-35.913574;-9.318290;,
  -28.613968;-34.477168;-8.474768;,
  -24.264190;-37.568314;-10.304874;,
  -27.785891;-40.177219;-8.301613;,
  -32.315162;-41.078448;-8.295242;,
  -37.181187;-37.944634;-8.722494;,
  -37.322662;-32.612038;-9.536485;,
  -25.416771;-29.304077;-10.170827;,
  -32.060413;-29.023654;-11.832225;,
  -31.512051;-26.494978;-9.156559;,
  -33.153542;-32.763360;-8.242702;,
  -24.938504;-33.402512;-12.405948;,
  -24.590336;-33.543942;-9.373675;,
  -26.808883;-31.333853;-12.344506;,
  -28.907005;-29.620464;-13.671632;,
  -31.322803;-28.350742;-13.376672;,
  -34.112298;-27.944333;-13.577614;,
  -27.164918;-31.630515;-14.438170;,
  -26.923094;-37.058272;-17.189646;,
  -24.389798;-36.061117;-12.440250;,
  -28.613968;-34.477168;-8.474768;,
  -24.264190;-37.568314;-10.304874;,
  -25.048544;-38.619805;-12.997320;,
  -25.170966;-41.782330;-10.169104;,
  -27.012170;-42.592534;-13.767272;,
  -27.785891;-40.177219;-8.301613;,
  -39.517984;-37.272726;-19.162685;,
  -39.446186;-31.812160;-12.983251;,
  -38.957296;-30.444461;-15.553384;,
  -39.934064;-33.852429;-11.499798;,
  -37.322662;-32.612038;-9.536485;,
  -37.181187;-37.944634;-8.722494;,
  -40.087088;-37.717456;-11.599506;,
  -38.470093;-40.762547;-13.653806;,
  -37.431421;-40.353546;-20.434683;,
  -32.928925;-43.316272;-12.731758;,
  -34.319750;-41.744253;-20.667173;,
  -30.847328;-41.658346;-20.186880;,
  -28.201094;-40.482070;-19.142638;,
  -37.350973;-29.857741;-12.003010;,
  -36.810861;-28.599786;-14.314034;,
  -33.153542;-32.763360;-8.242702;,
  -32.060413;-29.023654;-11.832225;,
  -34.112298;-27.944333;-13.577614;,
  2.217510;-21.524003;-68.555834;,
  2.217510;-23.544520;-69.311270;,
  2.217510;-23.900546;-71.438810;,
  2.217510;-22.236059;-72.810912;,
  2.217510;-20.215542;-72.055469;,
  2.217510;-19.859514;-69.927930;,
  -5.703510;-30.367898;-54.980077;,
  -1.991940;-36.478170;-56.561453;,
  -3.709697;-30.032224;-54.024333;,
  -3.597718;-36.850010;-57.605818;,
  -7.458599;-30.809450;-56.216672;,
  -4.657052;-37.409824;-59.145907;,
  -12.321453;-28.613043;-58.423450;,
  -4.657052;-37.409824;-59.145907;,
  -11.182741;-28.215898;-56.984224;,
  -7.458599;-30.809450;-56.216672;,
  -3.709697;-30.032224;-54.024333;,
  -3.427654;-29.901395;-54.217632;,
  -5.703510;-30.367898;-54.980077;,
  -1.991940;-36.478170;-56.561453;,
  -1.703968;-36.191002;-56.796339;,
  -3.597718;-36.850010;-57.605818;,
  -4.657052;-37.409824;-59.145907;,
  -4.156490;-37.075744;-59.248819;,
  -4.344166;-38.612333;-62.946605;,
  -5.008706;-38.072397;-60.947251;,
  -4.599114;-38.736854;-62.735610;,
  -9.362587;-34.322246;-65.767827;,
  -9.064972;-34.193702;-65.966950;,
  -9.924025;-33.568134;-63.740480;,
  -9.784842;-32.693117;-61.923334;,
  -10.103084;-32.809517;-61.691859;,
  -12.696738;-29.355072;-60.102918;,
  -12.353412;-29.236266;-60.327290;,
  -12.321453;-28.613043;-58.423450;,
  -10.827971;-28.088374;-57.184749;,
  -11.182741;-28.215898;-56.984224;,
  -7.114829;-30.673610;-56.394931;,
  -7.458599;-30.809450;-56.216672;,
  -2.473782;-23.544522;-69.311270;,
  -2.473782;-23.900547;-71.438810;,
  2.217510;-23.900546;-71.438810;,
  2.217510;-23.544520;-69.311270;,
  -2.473782;-21.524003;-68.555834;,
  2.217510;-21.524003;-68.555834;,
  -2.473782;-19.859517;-69.927930;,
  2.217510;-19.859514;-69.927930;,
  -2.473782;-19.859517;-69.927930;,
  -2.473782;-20.215544;-72.055469;,
  -2.473782;-22.236061;-72.810906;,
  -2.473782;-23.900547;-71.438810;,
  -2.473782;-23.544522;-69.311270;,
  -2.473782;-21.524003;-68.555834;,
  9.955027;-33.627168;-63.467104;,
  4.640093;-38.759750;-62.577990;,
  9.449282;-34.378368;-65.511949;,
  4.991733;-38.097174;-60.776646;,
  10.077410;-32.869526;-61.413946;,
  4.582141;-37.432717;-58.988294;,
  12.238438;-28.684829;-58.073331;,
  4.582141;-37.432717;-58.988294;,
  12.644482;-29.431773;-59.747533;,
  10.077410;-32.869526;-61.413946;,
  -16.764077;7.863660;-3.915774;,
  -14.053006;14.440498;-8.830450;,
  -16.628491;7.001053;-3.872991;,
  -14.537378;15.005291;-8.344591;,
  -13.439819;10.600830;-3.144304;,
  -12.184314;15.856610;-7.743631;,
  -14.537378;15.005291;-8.344591;,
  -16.764077;7.863660;-3.915774;,
  -17.013363;7.457508;0.352326;,
  -15.619293;19.061261;0.352154;,
  -10.405182;17.733243;-6.443793;,
  -9.727625;17.103026;0.370046;,
  -10.020894;17.319981;-7.075572;,
  -11.894513;15.295006;-8.269706;,
  -14.053006;14.440498;-8.830450;,
  -14.128242;7.945319;-3.433014;,
  -11.894513;15.295006;-8.269706;,
  -10.020894;17.319981;-7.075572;,
  -11.859397;12.394945;-2.569148;,
  -11.568160;12.243879;0.382904;,
  -14.128242;7.945319;-3.433014;,
  -14.043170;7.487802;0.374863;,
  -9.727625;17.103026;0.370046;,
  -16.628491;7.001053;-3.872991;,
  -14.043170;7.487802;0.374863;,
  -16.908611;6.542124;0.374697;,
  -14.128242;7.945319;-3.433014;,
  -11.894513;15.295006;-8.269706;,
  -14.053006;14.440498;-8.830450;,
  -21.216312;7.564752;0.376482;,
  -20.642418;8.285538;0.353768;,
  -15.619293;19.061261;0.352154;,
  -21.709714;20.326251;0.375675;,
  -23.145206;9.885187;0.379043;,
  -22.723794;15.230122;0.388125;,
  -0.961659;-23.222051;-71.476723;,
  0.284145;-22.714531;-75.095386;,
  0.294643;-23.458704;-71.529818;,
  1.343960;-22.012166;-74.951904;,
  1.354458;-22.756342;-71.386342;,
  1.586467;-20.782222;-74.695923;,
  1.596966;-21.526394;-71.130355;,
  0.924175;-20.426886;-74.809005;,
  0.608341;-22.028693;-75.142394;,
  -0.972157;-22.477877;-75.042291;,
  -1.689015;-21.440830;-74.823738;,
  -1.678517;-22.185005;-71.258170;,
  -1.436009;-20.955059;-71.002182;,
  -1.446507;-20.210886;-74.567750;,
  -0.376194;-20.252694;-70.858714;,
  -0.386685;-19.508522;-74.424275;,
  -0.711956;-20.118678;-74.739866;,
  -1.027783;-21.720488;-75.073248;,
  0.869610;-19.745176;-74.477370;,
  0.880108;-20.489349;-70.911802;,
  -0.711956;-20.118678;-74.739866;,
  -0.386685;-19.508522;-74.424275;,
  -0.376194;-20.252694;-70.858714;,
  -6.763039;-35.429046;-69.255194;,
  -3.529862;-39.019677;-64.029562;,
  -3.111283;-36.277245;-71.463693;,
  0.017208;-39.324019;-65.233645;,
  -1.651486;-34.981974;-75.621331;,
  2.025242;-34.999520;-75.581414;,
  3.351162;-36.303798;-71.381958;,
  3.615505;-39.037440;-63.907808;,
  6.955776;-35.473667;-69.049894;,
  -19.461016;15.778638;-8.828108;,
  -18.750506;16.000805;-8.342854;,
  -20.642546;8.763210;-3.914212;,
  -21.214598;8.103518;-3.871066;,
  -20.642546;8.763210;-3.914212;,
  -21.216312;7.564752;0.376482;,
  -20.642418;8.285538;0.353768;,
  -22.010482;12.845846;-3.140383;,
  -18.750506;16.000805;-8.342854;,
  -20.294328;17.969536;-7.739941;,
  -20.642546;8.763210;-3.914212;,
  -20.642418;8.285538;0.353768;,
  -15.619293;19.061261;0.352154;,
  -20.807454;20.503464;-6.438957;,
  -21.709714;20.326251;0.375675;,
  -21.352926;20.356806;-7.070270;,
  -20.838182;17.646976;-8.265594;,
  -19.461016;15.778638;-8.828108;,
  3.580745;-39.319568;-64.118080;,
  5.227360;-36.247536;-70.631098;,
  6.950412;-35.767600;-69.291398;,
  1.974972;-39.691402;-65.162458;,
  3.323200;-36.609098;-71.654765;,
  0.067241;-39.818646;-65.552122;,
  0.196636;-35.338829;-76.326483;,
  2.014675;-35.311738;-75.872518;,
  0.067241;-39.818646;-65.552122;,
  3.323200;-36.609098;-71.654765;,
  -3.427654;-29.901395;-54.217632;,
  -1.703968;-36.191002;-56.796339;,
  -7.114829;-30.673610;-56.394931;,
  -4.156490;-37.075744;-59.248819;,
  -10.827971;-28.088374;-57.184749;,
  -12.353412;-29.236266;-60.327290;,
  -9.784842;-32.693117;-61.923334;,
  -4.344166;-38.612333;-62.946605;,
  -9.064972;-34.193702;-65.966950;,
  -22.399488;15.204682;-2.564245;,
  -22.834142;10.229112;-3.429030;,
  -23.145206;9.885187;0.379043;,
  -22.723794;15.230122;0.388125;,
  -21.352926;20.356806;-7.070270;,
  -21.709714;20.326251;0.375675;,
  -20.838182;17.646976;-8.265594;,
  -22.834142;10.229112;-3.429030;,
  -20.838182;17.646976;-8.265594;,
  -19.461016;15.778638;-8.828108;,
  -21.214598;8.103518;-3.871066;,
  -22.834142;10.229112;-3.429030;,
  -21.216312;7.564752;0.376482;,
  -23.145206;9.885187;0.379043;,
  -7.157190;30.430960;-0.686280;,
  -7.405869;35.807792;-7.887139;,
  -6.959324;40.314934;-6.432624;,
  -7.007325;31.413290;-0.022859;,
  -20.143926;34.141795;-2.122993;,
  -19.189616;37.792499;-7.920330;,
  -18.992128;35.968400;-7.261678;,
  -13.239877;32.533165;-8.581799;,
  -7.899674;34.126992;-7.262651;,
  -13.006214;35.408867;-10.149478;,
  -7.007325;31.413290;-0.022859;,
  -7.157190;30.430960;-0.686280;,
  -20.177350;34.563734;-0.023209;,
  -18.365898;42.407078;-6.669701;,
  -19.189616;37.792499;-7.920330;,
  -13.239877;32.533165;-8.581799;,
  -13.916091;30.798995;-11.475002;,
  -17.692834;30.415766;-10.369102;,
  -17.727125;34.259216;-6.087175;,
  -19.592061;29.843501;-7.450875;,
  -19.165438;34.132074;-0.055113;,
  -20.641742;25.976699;-2.867824;,
  -21.676858;13.831701;0.351894;,
  -21.243912;16.027646;-1.739584;,
  -21.784866;11.920989;-2.493644;,
  -19.670179;16.265293;-5.327039;,
  -20.325107;18.201283;-4.853807;,
  -20.315030;19.159421;-5.665643;,
  -19.301176;20.564051;-8.762971;,
  -4.599114;-38.736854;-62.735610;,
  -9.924025;-33.568134;-63.740480;,
  -9.362587;-34.322246;-65.767827;,
  -5.008706;-38.072397;-60.947251;,
  -10.103084;-32.809517;-61.691859;,
  -4.657052;-37.409824;-59.145907;,
  -10.103084;-32.809517;-61.691859;,
  -4.657052;-37.409824;-59.145907;,
  -12.696738;-29.355072;-60.102918;,
  -12.321453;-28.613043;-58.423450;,
  -9.320107;33.568122;-6.066590;,
  -13.916091;30.798995;-11.475002;,
  -13.239877;32.533165;-8.581799;,
  -10.204822;28.298848;-10.662650;,
  -7.890237;31.461645;-0.056337;,
  -9.429502;26.364770;-5.594052;,
  -10.051885;29.303834;0.093527;,
  -14.132262;14.818354;-5.431416;,
  -14.406006;11.990483;-1.963418;,
  -15.863450;9.438503;-2.438222;,
  -15.168795;9.935140;0.359486;,
  -11.679542;19.958218;-8.292923;,
  -11.688857;16.946472;-14.238016;,
  -10.164991;23.682405;-12.472719;,
  -10.154054;20.288826;-12.377517;,
  -9.429502;26.364770;-5.594052;,
  -10.204822;28.298848;-10.662650;,
  -11.175758;24.864094;-13.484523;,
  -13.916091;30.798995;-11.475002;,
  -14.981806;26.986662;-14.438938;,
  -13.790622;21.022757;-18.959389;,
  -13.322703;18.373114;-22.958277;,
  -15.831562;5.648076;-17.029867;,
  -19.614326;2.568513;-17.725011;,
  -16.113634;2.551588;-18.209480;,
  -20.011274;0.055233;-19.005965;,
  -15.922094;0.571356;-19.609968;,
  -17.629038;-2.566509;-21.973491;,
  -12.959269;3.248239;-21.545070;,
  -13.031713;4.512277;-20.295370;,
  -10.869691;8.012311;-22.543371;,
  -13.513803;6.334077;-19.439154;,
  -12.271036;10.999850;-18.569806;,
  -15.261443;9.574081;-16.439333;,
  -10.534506;17.802835;-16.661085;,
  -10.208942;18.459539;-19.803918;,
  -11.316500;18.545802;-21.810381;,
  -10.357110;14.195706;-25.194482;,
  -10.378569;12.335203;-20.960435;,
  -13.272296;14.970760;-27.245043;,
  -11.330563;9.420812;-26.316448;,
  -13.661046;10.682858;-28.995802;,
  -12.481404;6.392476;-26.786742;,
  -14.373246;7.214084;-29.844979;,
  -14.033602;5.177977;-27.147450;,
  -15.731290;5.927864;-30.351894;,
  -13.973286;0.271412;-24.573534;,
  -17.629038;-2.566509;-21.973491;,
  -16.599942;14.608306;-26.552651;,
  -16.609213;11.158814;-29.563341;,
  -16.923082;7.832789;-30.965837;,
  -17.283320;6.148488;-31.188915;,
  -20.540704;-3.799745;-22.239229;,
  -19.730493;15.699171;-26.468582;,
  -16.599942;14.608306;-26.552651;,
  -16.609213;11.158814;-29.563341;,
  -20.444144;11.556864;-28.849840;,
  -21.953440;15.603944;-24.462896;,
  -22.926923;11.104283;-26.275549;,
  -20.775866;8.078169;-29.777446;,
  -23.166819;7.815802;-26.725181;,
  -19.990942;6.337552;-29.476022;,
  -22.151067;6.203293;-26.119579;,
  -23.772699;0.525785;-22.239312;,
  -22.970970;-2.497773;-22.098731;,
  -17.283320;6.148488;-31.188915;,
  -16.923082;7.832789;-30.965837;,
  -23.184400;2.541635;-22.806619;,
  -23.843141;6.571074;-22.374395;,
  -23.244605;10.151598;-21.886450;,
  -21.944722;13.064734;-20.437707;,
  -19.988072;20.073816;-19.858032;,
  -18.718626;19.301422;-22.103227;,
  -13.322703;18.373114;-22.958277;,
  -13.790622;21.022757;-18.959389;,
  -18.214256;26.147312;-13.461744;,
  -14.981806;26.986662;-14.438938;,
  -17.692834;30.415766;-10.369102;,
  -13.916091;30.798995;-11.475002;,
  -23.774894;3.022081;-21.566456;,
  -19.183158;23.722410;-12.450240;,
  -20.451502;23.180029;-7.296406;,
  -19.952018;26.635899;-7.582277;,
  -19.014160;18.519403;-10.688702;,
  -20.007731;21.680334;-11.745203;,
  -19.648437;18.525160;-15.816624;,
  -20.376507;17.751208;-14.450034;,
  -19.273178;15.924306;-13.306597;,
  -17.163674;15.034643;-12.784059;,
  -15.890262;17.480339;-10.460594;,
  -19.592061;29.843501;-7.450875;,
  -20.641742;25.976699;-2.867824;,
  -19.301176;20.564051;-8.762971;,
  -15.524805;18.494034;-8.970738;,
